n = 6;

m = 6;

g = 7;

d = [50.82850812985721, 51.59168054739349, 50.17145680735087, 49.850572432023235, 51.12031837957964, 50.36620331998808, 50.01299325886919];

c = [[4.611793678520739, 2.52639616491697, 4.538070863239959, 4.524349171945582, 1.0459449971219412, 4.658188707021581, 1.4832178874412465], [2.103625186693671, 1.1523912331200217, 2.069997235863841, 2.0637382187821958, 0.47709771798544703, 2.1247878312730024, 0.6765555276047792], [3.7217984072272636, 2.0388460278277303, 3.6623028019129498, 3.651229156306962, 0.8440959625896369, 3.7592400091753118, 1.1969828565315326], [3.3172551020938648, 1.817232329150803, 3.2642264104006724, 3.25435642192577, 0.7523464014385894, 3.350626964699734, 1.066876024299844], [6.068149577000973, 3.3242054801539083, 5.971145872684158, 5.953091015717873, 1.3762434172657125, 6.1291956671336605, 1.951602483475325], [7.119962170347808, 3.9004010967139187, 7.0061444906160775, 6.98496012510897, 1.614792276258436, 7.1915895827701615, 2.2898802472777144]];

u = [4.07457582157514, 5.908134941283952, 12.631185046882932, 2.8522030751025977, 11.001354718252877, 18.539319988166884];

l = [0.407457582157514, 0.5908134941283952, 1.2631185046882933, 0.2852203075102598, 1.1001354718252878, 1.8539319988166885];

rcv = [23653.923726180114, 18519.253650286053, 21203.8030440529, 24090.508475163362, 23095.930762417272, 17454.697821526395];

tcv = [102919.95000755215, 101866.34192341399, 94284.69781494024, 91400.40882557232, 104346.11563661748, 98602.69800712795];

tcf = [62357.99, 90419.08, 193309.76, 43650.59, 168366.57, 283728.84];
