/*********************************************
 * OPL 22.1.1.0 Data
 * Author: User
 * Creation Date: 22 ott 2023 at 13:23:23
 *********************************************/
n = 6;

m = 6;

g = 7;

d = [52.46961393075897, 53.359830849795834, 50.86561039603561, 49.868077308367866, 52.44462640976313, 51.31696217421245, 51.595018917899175];

c = [[7.3835177883738785, 6.944465400010572, 2.990811662709002, 9.26059018163758, 9.965151711536969, 3.4171013919828868, 3.1907499788715468], [2.291436555012583, 2.1551789172446605, 0.928182929806242, 2.8739762632668353, 3.092633289787335, 1.0604797423395167, 0.9902327520635835], [3.055248740016777, 2.8735718896595466, 1.2375772397416558, 3.8319683510224465, 4.123511053049779, 1.4139729897860218, 1.3203103360847777], [2.546040616680648, 2.394643241382956, 1.03131436645138, 3.1933069591853727, 3.436259210874817, 1.1783108248216851, 1.1002586134039816], [1.7822284316764534, 1.6762502689680692, 0.7219200565159659, 2.2353148714297606, 2.405381447612372, 0.8248175773751795, 0.7701810293827871], [0.8486802055602161, 0.7982144137943188, 0.34377145548379334, 1.0644356530617909, 1.1454197369582724, 0.3927702749405617, 0.3667528711346606]];

u = [8.100994102907249, 7.159018044429662, 6.405437197647593, 12.057293548513115, 9.042970161384837, 12.057293548513115];

l = [0.810099410290725, 0.7159018044429662, 0.6405437197647593, 1.2057293548513117, 0.9042970161384837, 1.2057293548513117];

rcv = [17820.587596219866, 23143.098441812872, 21138.576464800433, 17243.107596774218, 20083.91304307465, 18399.285974177135];

tcv = [104588.74757561517, 98392.35509011529, 99375.18979850457, 93525.09234873985, 101821.32548144534, 95589.69123084468];

tcf = [123978.96, 109562.81, 98029.88, 184526.83, 138395.12, 184526.83];
 